Person:2,3,7,11,15,19,26,30,36,42,58,71,72,77,78,79,81,86,87,88,89,99
Person:2,3,9,10,19,21,27,29,54,55,58,60,61,67,68,70,78,82,84,85,90,95
Person:8,13,18,19,23,24,25,30,35,36,37,55,72,76,78,88,94,95,97
Person:1,2,12,17,21,25,33,38,44,47,57,69,75,76,78,86,88,92,94,97
Person:1,2,5,11,18,22,27,32,33,47,49,56,58,60,62,64,69,72,73,78,80,85,86,87,91,93,97
Person:4,12,21,22,24,26,30,31,32,34,36,38,39,43,44,59,71,72,79,83,99
Person:5,12,16,27,38,43,44,48,54,59,64,65,66,67,84,89,94,95
Person:0,21,26,38,41,44,49,52,55,56,57,60,64,70,79,90,99
Person:0,3,4,27,32,34,51,59,60,81,82,94,95,99
Person:0,11,13,16,18,19,26,31,42,43,54,66,67,70,72,73,74,75,76,82,85,88,93,94,95,96
Person:2,3,6,8,15,16,18,38,44,45,61,65,67,81,82,84,85,92
Person:6,8,20,34,37,40,42,56,58,62,63,66,67,71,72,74,83,84,89,92,93
Person:10,11,16,20,21,29,40,52,72,77,80,82,83,90,94,99
Person:2,5,11,14,20,21,27,30,42,43,46,49,56,64,65,66,74,75,82,85,86,96
Person:3,26,27,33,36,51,52,55,71,72,74,83,86,89,98
Person:3,8,16,17,20,29,30,34,38,39,40,42,47,52,53,54,57,63,64,65,73,74,79,82,88,89,90,92,97,98
Person:1,2,14,21,22,39,40,43,48,55,57,67,69,70,74,77,80,81,83,87,89,93,94,96,97,99
Person:1,5,8,19,21,23,30,31,33,40,42,45,48,51,55,64,69,71,75,76,92,97
Person:0,5,7,11,13,16,23,27,31,34,35,39,44,46,48,50,65,66,67,73,82,91,96,98
Person:0,2,10,11,23,29,32,33,38,45,58,61,66,67,69,73,77,78,81,86,93,98,99
Person:0,3,4,24,26,33,36,37,40,43,49,50,57,58,60,62,63,65,69,73,75,76,79,82,84,85,95,98
Person:0,1,4,9,16,27,28,44,50,67,74,77,80,83,89,94,95
Person:6,8,12,13,17,23,28,29,44,46,60,62,67,70,75,80,82,86,95
Person:0,1,16,21,25,27,30,32,36,48,49,51,53,61,63,64,68,78,80,82,84,85,87
Person:0,1,4,11,16,19,26,28,33,37,39,40,41,50,60,64,67,79,81,88,89,90,94
Person:0,2,5,9,11,17,26,33,35,40,44,46,47,58,62,66,67,69,85,89,91
Person:12,22,23,24,27,29,31,34,35,36,46,52,55,56,65,70,79,85,88,90,91,96
Person:2,3,4,13,17,22,31,33,37,40,43,51,57,62,64,65,76,78,80,83,85,89,93,98
Person:1,4,11,12,15,32,39,44,45,54,56,59,61,63,64,67,68,70,73,77,82,83,85,88,97
Person:0,10,11,17,19,26,28,36,43,46,73,74,75,78,88,98
Person:2,11,12,15,16,18,19,25,26,27,28,32,34,35,42,43,49,51,53,56,57,64,65,68,71,76,79,80,87,88,92
Person:3,5,6,14,18,20,27,35,38,39,40,43,61,66,67,75,80,81,83,84,85,88,89,92
Person:2,3,5,8,14,15,16,21,25,28,34,35,36,58,62,72,82,89
Person:1,6,10,11,16,19,24,27,28,34,41,46,47,49,64,66,67,69,70,79,83,92
Person:9,15,27,30,36,42,43,45,48,61,63,72,80,91,97
Person:2,4,12,13,15,16,22,23,25,28,30,34,39,40,41,50,51,52,60,61,76,80,83,84,85,96
Person:1,7,9,10,14,19,20,31,32,41,45,48,50,59,61,62,63,69,80,83,91,94,97
Person:2,12,17,18,30,31,32,33,34,35,38,40,46,53,57,64,73,74,76,79,80,89,92,93,94,96,99
Person:6,27,33,34,45,54,57,68,77,82
Person:7,11,40,46,47,50,61,64,67,78,80,86,87,88,89,90,92
Person:6,8,12,15,18,23,38,39,41,51,58,60,61,64,69,71,74,77,83,88,95,97
Person:0,1,11,13,16,18,37,38,42,48,52,62,76,77,83,91,94
Person:6,18,21,28,29,39,40,44,45,50,55,59,62,67,68,70,73,86,92,93
Person:7,13,14,17,24,26,33,34,37,46,50,54,64,68,71,95,98
Person:8,14,16,30,38,42,47,52,53,54,55,59,62,65,66,74,78,82,84,88,94,97
Person:7,11,14,17,19,26,36,37,38,39,48,51,52,55,57,71,78,85,91,92,93
Person:0,2,6,10,14,15,43,51,55,62,69,72,80,83,87,89,93,96
Person:5,10,18,30,34,38,45,48,67,69,70,73,76,77,88,92,96
Person:3,6,10,13,14,15,25,29,38,40,42,56,57,69,70,76,78,79,80,83,84,85,96
Person:2,3,12,14,24,37,38,42,43,45,50,52,57,68,70,75,77,80,82,93,97,98
Person:2,16,17,18,22,24,25,35,36,37,39,41,42,43,44,51,54,57,59,60,62,69,70,72,74,79,86,91,97
Person:1,5,7,13,21,23,25,28,32,39,42,43,47,50,56,59,60,70,75,80,92
Person:3,4,7,26,27,33,43,44,47,58,63,65,74,76,82,84,93
Person:1,4,6,7,14,21,25,34,43,49,55,69,75,83,87
Person:1,10,15,19,20,21,26,28,29,37,48,53,56,67,68,81,85,86,87,92,94
Person:1,3,6,16,17,27,38,40,47,60,61,64,70,78,82,89
Person:1,5,9,12,15,16,18,19,23,34,48,51,52,58,64,74,78,89
Person:18,19,23,30,40,46,49,52,62,66,76,77,78,83,86,87,91,95,96
Person:1,11,12,19,21,26,44,55,61,70,80,83
Person:4,14,20,30,32,33,39,45,53,54,55,58,74,79,81,84,85,87,92,94,95
Person:1,3,4,6,17,18,20,28,29,36,38,45,49,57,58,61,62,64,65,66,75,77,78,83,85
Person:2,12,14,17,29,30,36,38,42,45,46,52,74,99
Person:1,7,8,9,19,23,27,30,35,45,47,52,55,58,60,69,72,77,78,81,82,84,87,91,92,93,97
Person:4,8,9,16,21,22,27,31,32,38,42,49,53,61,65,67,75,76,81,93,96
Person:0,3,8,10,17,18,23,24,28,33,34,35,48,50,51,52,53,60,62,75,90,91,93,98
Person:9,15,21,25,28,43,45,53,58,61,62,68,80,91,94,96
Person:1,4,8,11,12,14,17,32,33,35,37,38,42,45,65,69,73,77,85,90,98
Person:0,4,20,23,33,44,46,49,50,53,54,56,61,77,81,85,86,88,89,95,98
Person:16,17,25,31,35,41,47,48,50,59,61,62,70,76,79,84,91,95,96
Person:0,3,4,19,26,27,33,36,43,45,47,50,56,63,76,77,79,82,86,95,98
Person:6,18,26,27,28,43,51,55,56,61,77,78,91,92
Person:1,2,5,14,15,17,19,32,37,48,60,64,74,77,78,80,82,96,99
Person:6,11,13,14,15,21,29,34,37,39,43,51,52,57,64,65,68,69,78,79,81,82,89
Person:1,2,4,5,12,24,27,31,45,49,54,58,60,69,74,77,84,94,95
Person:8,11,14,18,22,23,26,35,37,38,41,43,47,53,57,60,67,70,71,73,82,91,93
Person:1,3,8,10,13,20,26,36,61,63,65,67,74,88,90,93,97
Person:4,8,10,11,26,32,36,45,47,53,60,68,80,82,83,87,91
Person:3,14,15,19,24,25,27,28,30,31,32,33,34,42,50,51,58,59,60,69,70,83,85,94,95
Person:2,12,14,17,22,25,36,42,46,48,51,71,76,82,83,92,96,98
Person:0,2,6,23,25,32,34,38,40,41,42,44,46,49,58,61,69,74,77,87,88,92,95,96
Person:2,13,24,25,29,32,36,39,47,49,52,54,55,57,61,64,69,70,76,81,87,90,91,99
Person:13,15,18,24,40,42,44,48,49,50,61,68,72,74,80,83,90
Person:10,12,16,22,31,38,45,60,67,79,86,91,95,97,98
Person:3,4,6,7,9,11,15,20,22,26,27,28,30,34,35,38,48,59,64,69,71,75,81,82,87,91,94
Person:5,6,10,18,21,27,40,42,54,56,61,62,66,81,96
Person:2,4,13,14,17,21,28,33,34,35,41,42,46,54,57,60,65,66,76,86,88,89,98
Person:5,14,18,20,21,23,27,29,30,31,36,46,48,49,53,54,61,66,71,77,79,87,88,91,93,96
Person:2,3,12,17,27,29,31,36,37,50,52,56,61,64,65,69,70,74,80,93,96,99
Person:0,3,4,9,10,22,23,24,27,29,39,47,49,50,51,52,55,58,59,73,83,85,93
Person:2,8,9,18,19,22,23,26,29,35,42,46,51,59,60,61,63,66,70,71,76,81,83,86,91,93
Person:35,45,49,56,57,60,66,71,89,91
Person:3,7,8,19,20,24,27,36,38,39,40,41,55,56,64,72,74,79,84,89,90,95,99
Person:5,13,22,23,25,32,54,62,75,81,83,86,88,95,96,97,98
Person:4,5,11,12,16,17,20,21,23,28,30,41,50,51,52,54,56,57,59,75,83,87,88,89,94,95
Person:5,13,22,28,36,39,40,49,51,52,57,63,70,73,74,75,77,85,86,89,93,98,99
Person:5,11,13,14,21,22,27,39,49,50,51,61,62,69,70,71,77,94
Person:2,12,20,21,33,39,40,44,59,60,68,70,78,90,91,93
Person:5,9,11,19,33,35,36,37,43,45,47,53,60,64,65,68,73,76,81,88,89,90,92,94,96
Person:0,2,9,10,13,17,19,24,26,35,43,44,45,47,48,53,61,62,68,75,82,99
Person:10,15,28,32,33,35,37,46,47,51,56,64,74,78,82,84,87,92,95,96,98