Person:2,7,18,21,22,23,24,32,37,41,42,44,48
Person:2,4,7,17,20,24,30,36,37,42,46
Person:5,6,14,15,21,35,40,41,47
Person:6,34,36,37,40,43,47,48
Person:0,3,7,11,17,19,20,23,25,28,35,40,41,49
Person:1,12,14,19,22,24,25,29,31,34,36,37,38,45,47
Person:0,1,9,10,11,21,23,29,31,35,38,39,47
Person:1,17,24,30,38,41,42,47,49
Person:3,9,23,24,27,46
Person:0,7,10,23,33,38,42
Person:3,8,13,14,22,23,25,30,34,37,39,43,44,49
Person:9,17,33,35,37,43,45,47
Person:6,15,18,19,20,21,27,28,31,33,37
Person:10,17,28,30,33,41,44
Person:3,7,10,13,25
Person:0,2,6,24,30,39,43,46,48,49
Person:0,3,8,10,11,33,43,49
Person:7,8,10,16,22,30,31,38,47
Person:13,17,28,29,31,34,35,38,40
Person:2,5,10,17,30,44
Person:3,4,10,17,22,23,32,49
Person:1,4,5,8,12,22,30,31,35,43,44
Person:4,6,8,14,15,17,20,21,26,30,33
Person:0,6,8,9,14,20,25,27,39,44
Person:1,13,14,36,39,41,47,49
Person:6,7,12,13,20,23,27,28,32,36,38,47,49
Person:0,3,4,6,23,40,47
Person:0,2,13,15,33,39,40,42,44,45
Person:0,13,17,22,23,24,27,29,37,39,40,42,45
Person:0,3,4,5,7,13,14,17,20,26,33,41,43,46,47,49
Person:16,17,18,19,23,29,39,40,43,44,45,48
Person:2,3,11,17,20,28,30,42,47,48
Person:15,16,17,18,21,22,28,39
Person:6,7,8,15,20,25,28,31,35,38,39
Person:0,1,7,8,16,22,25,30,33,36,37,44,47,48,49
Person:3,8,9,14,18,19,22,29,31,32,34,41,43
Person:9,16,21,27,29,34,37,46,48
Person:14,23,24,29,34,35,38,43,46,49
Person:1,18,19,33,45
Person:3,8,15,21,23,25,29,38
Person:1,5,7,12,14,27,30,45
Person:1,3,4,5,6,8,9,11,12,15,19,21,22,26,28,31,38
Person:4,8,14,15,17,20,30,32,35,37,40
Person:0,2,4,5,6,9,11,17,21,23,29,30,32,34,41,42,44,46,47
Person:0,5,6,7,13,14,17,29,31,36
Person:4,5,11,12,13,15,19,24,25,30,35,36,49
Person:2,15,17,27,32,33,40,41,45,47
Person:2,6,12,19,21,23,35,40,46,49
Person:3,5,6,10,25,31,34,38
Person:2,4,12,19,27,28,32,35,44,46